829,829,829,829,829,829,829,829,829,829,829,829,829,829,829,829,829,829,829,829,829,829,829,829,829,829,829,829,829,829,829,829,829,829,829,829,829,829,829,829,829,829,829,829,829,829,829,829,829,829,829,829,829,829,829,829,829,829,849,829,829,829,829,829,829,829,829,829,829,829,829,829,829,829,829,829,829,829,829
829,829,829,829,829,829,829,829,829,829,829,829,829,829,829,829,829,829,829,829,832,831,831,831,831,831,831,831,831,831,833,829,829,829,829,829,829,829,786,829,829,829,829,829,829,829,829,829,829,829,832,831,831,831,831,831,831,831,831,831,831,831,831,831,833,829,829,829,829,829,829,829,829,829,829,829,829,829,829
829,829,829,832,831,831,831,831,831,831,831,831,831,833,829,829,829,829,829,829,830,848,848,848,848,848,848,848,848,848,830,829,829,829,829,829,829,829,829,829,829,849,829,849,829,829,829,829,829,829,830,829,829,829,829,829,829,829,829,829,829,829,829,829,830,829,829,829,829,829,829,829,829,829,829,829,829,829,829
829,829,829,830,829,829,829,829,829,829,12,829,829,841,849,829,829,829,829,829,830,848,848,848,848,848,848,848,336,34,841,849,829,829,829,829,829,829,832,831,831,831,831,831,833,829,829,829,829,829,830,829,829,829,829,829,829,829,829,829,829,829,829,829,830,829,829,829,829,829,829,829,829,829,829,829,829,829,829
829,829,829,830,829,829,829,829,829,12,829,829,829,830,849,829,829,829,829,829,830,848,848,848,848,848,848,848,848,848,830,849,829,829,829,829,829,829,830,657,829,829,829,829,841,849,829,829,829,829,830,829,829,829,829,829,829,829,71,829,829,829,829,829,841,849,849,849,849,849,849,849,849,849,829,829,829,829,829
829,829,829,830,829,786,829,829,829,829,829,829,829,841,849,829,786,829,829,829,830,848,848,848,848,848,848,848,848,848,830,849,829,829,829,829,829,849,844,829,829,829,829,829,830,849,829,829,829,829,830,829,829,829,829,829,829,829,829,829,829,829,829,829,830,829,829,829,849,829,829,832,831,841,831,831,833,829,829
829,829,829,834,845,831,831,831,831,831,831,831,831,835,849,829,829,829,829,829,834,843,831,831,831,831,831,831,831,831,835,849,829,829,829,829,829,849,830,829,159,815,829,829,830,849,829,829,829,849,841,829,829,829,829,829,829,829,829,829,829,829,829,829,830,829,829,829,849,849,849,830,829,829,829,829,830,829,829
829,829,829,829,849,849,829,829,849,849,829,829,829,829,849,829,829,829,829,829,849,849,829,829,829,829,829,829,829,829,829,849,829,829,829,829,829,849,834,831,831,831,831,831,835,849,829,829,829,849,834,831,831,831,831,831,831,831,831,831,831,845,831,831,835,829,829,829,829,829,849,844,829,829,829,829,830,829,829
829,829,829,829,829,849,829,829,829,849,829,829,829,829,849,829,829,829,829,829,849,829,829,829,829,829,829,829,829,829,829,849,829,829,829,829,829,849,849,849,849,829,829,829,829,849,829,829,829,849,829,829,829,829,829,829,829,829,829,829,829,849,829,829,829,829,829,829,829,829,829,830,786,829,829,829,830,829,829
829,829,829,829,829,849,849,849,829,849,849,849,823,849,849,849,849,829,849,849,849,829,829,829,829,829,829,849,849,849,849,849,849,849,849,849,849,849,849,849,849,849,849,849,849,849,849,849,849,849,849,849,849,849,849,849,849,849,849,849,849,849,849,849,849,849,849,849,849,849,849,841,829,829,829,829,830,829,829
829,829,829,829,829,829,829,849,829,829,829,829,829,829,849,832,831,831,841,831,831,831,833,829,829,829,829,849,829,829,829,849,829,829,829,829,829,829,829,829,849,829,829,829,829,849,829,849,829,829,829,829,829,829,829,829,829,829,829,849,829,829,829,829,829,829,829,829,829,829,829,834,831,831,831,831,835,829,829
829,829,829,829,832,831,831,845,831,833,829,829,829,829,849,844,829,829,829,829,829,829,830,829,829,823,849,849,829,829,829,849,829,829,829,829,829,829,829,829,849,829,829,829,829,849,849,849,829,829,829,829,829,829,829,829,829,849,849,849,829,829,829,829,829,829,829,829,829,829,829,829,829,829,829,829,829,829,829
829,829,829,829,830,859,829,829,829,830,829,829,829,829,849,830,829,829,829,829,829,829,830,829,829,849,829,829,829,829,829,849,829,829,829,829,829,829,829,829,849,829,829,829,829,849,829,829,829,829,829,829,829,829,829,829,829,849,829,829,829,829,829,829,829,829,829,829,829,829,829,829,829,829,829,829,829,829,829
829,829,829,829,830,829,829,829,786,841,849,849,849,829,849,841,829,829,829,829,829,829,830,849,849,849,829,829,829,829,829,849,829,829,829,829,829,829,829,829,849,829,829,849,849,849,829,829,829,829,829,829,829,829,829,849,849,849,829,829,829,829,829,829,829,829,829,829,829,829,812,829,829,829,829,829,829,829,829
829,829,829,829,830,829,829,829,829,830,829,829,849,829,829,830,829,829,829,829,829,829,841,849,829,829,829,829,829,829,829,849,829,829,829,829,829,829,829,829,849,829,829,849,829,849,829,829,829,832,831,831,831,831,831,845,833,829,829,829,829,829,829,829,829,829,829,829,829,829,829,829,829,829,829,829,829,829,829
829,829,829,829,834,831,841,831,831,835,829,829,849,849,849,830,829,786,829,829,829,829,830,849,849,849,849,849,849,849,849,849,849,849,849,849,849,849,823,849,849,849,849,849,849,849,849,849,849,841,852,829,829,829,829,829,830,829,829,829,829,786,829,829,829,829,829,829,829,829,829,829,829,829,829,829,829,829,829
829,829,829,829,829,829,849,849,829,829,829,829,829,829,849,841,829,829,829,829,829,829,842,849,829,829,829,829,849,832,831,831,831,831,845,831,831,831,831,833,849,849,829,829,829,849,849,849,829,830,829,585,829,829,829,829,830,829,829,829,829,829,829,829,829,829,829,829,829,829,829,829,829,829,829,829,829,829,829
829,829,829,829,829,829,829,823,829,829,829,829,829,829,829,834,831,831,831,831,831,831,835,849,829,829,829,829,849,830,829,829,786,585,829,829,829,829,829,841,849,849,829,829,829,829,829,849,829,830,829,829,829,829,660,829,830,829,829,829,829,829,829,829,829,829,829,829,829,829,829,829,829,829,829,829,829,829,829
829,829,829,829,829,829,829,849,849,849,849,849,849,849,849,849,849,823,849,849,849,849,849,849,829,829,829,829,849,841,829,829,829,829,829,829,829,829,326,830,829,829,829,829,829,829,829,849,849,841,829,829,829,855,829,829,830,829,829,829,829,829,829,829,829,829,829,829,829,829,829,829,829,829,829,829,829,829,829
829,829,829,829,829,829,829,829,829,829,829,829,829,829,829,829,829,829,829,829,829,829,829,829,829,829,829,829,829,834,831,831,831,831,831,831,831,831,831,835,829,829,829,829,829,829,829,829,829,834,831,831,831,831,831,831,835,829,829,829,829,829,829,829,829,829,829,829,786,829,829,829,829,829,829,829,829,829,829
829,829,829,829,829,829,829,829,829,829,829,829,829,829,829,829,829,829,829,829,829,829,829,829,829,829,829,829,829,829,829,829,829,829,829,829,829,829,829,829,829,829,829,829,829,829,829,829,829,829,829,829,829,829,829,829,829,829,829,829,829,829,829,829,829,829,829,829,829,829,829,829,829,829,829,829,829,829,829
