829,829,829,829,829,829,829,829,829,829,829,829,829,829,829,829,829,829,829,829,829,829,829,829,829,829,829,829,829,829,829,829,829,829,829,829,829,829,829,829,829,829,829,829,829,829,829,829,829,829,829,829,829,829,829,829,829,829,829,829,829,829,829,829,829,829,829,829,829,829,829,829,829,829,829,829,829,829,829
829,829,829,829,829,829,829,829,829,829,829,829,829,829,829,829,829,829,829,829,829,829,829,829,829,829,829,829,829,829,829,829,829,829,829,829,829,829,829,829,829,829,829,829,829,829,829,829,829,829,829,829,829,829,829,829,829,829,829,829,829,829,829,829,829,829,829,829,829,829,829,832,831,831,831,831,833,829,829
829,829,829,829,829,829,829,829,829,829,832,831,831,831,831,831,831,831,831,831,833,829,829,829,829,829,829,829,829,829,829,829,829,829,829,829,829,829,829,829,829,829,829,829,829,829,829,829,829,829,829,829,829,829,829,829,829,829,829,829,829,829,829,829,829,829,829,829,829,829,829,830,848,870,848,848,830,829,829
829,829,829,829,829,829,829,829,829,829,830,848,848,848,848,848,848,848,848,848,830,829,829,829,829,829,829,829,829,829,829,829,829,829,829,829,829,829,829,829,829,829,829,829,829,829,829,829,829,829,829,832,831,831,831,831,831,831,831,831,831,831,833,829,829,829,829,829,829,849,849,841,848,848,848,637,830,829,829
829,829,829,829,829,829,829,829,829,829,830,848,848,848,848,848,848,848,848,848,842,849,849,849,849,849,849,849,849,849,849,849,849,849,849,849,849,849,849,849,849,849,849,849,849,849,849,849,849,849,823,830,848,848,848,848,848,424,848,848,848,848,830,829,829,829,829,829,829,849,829,830,848,848,848,848,830,829,829
829,829,829,829,829,829,829,829,829,829,830,848,848,848,848,851,848,848,848,848,830,829,829,829,829,829,829,829,829,829,829,829,829,829,829,829,829,829,829,829,829,829,829,829,829,829,829,829,829,829,829,830,848,848,848,848,848,848,848,848,848,848,830,849,849,849,849,849,849,849,849,844,848,848,848,848,830,829,829
829,829,829,829,829,829,829,829,829,829,830,848,848,848,848,848,848,848,848,848,830,829,829,829,829,829,829,829,829,829,829,829,829,832,831,831,831,831,831,831,831,831,831,831,831,833,829,829,829,829,849,841,848,848,848,848,848,848,848,604,848,848,830,829,829,829,829,849,829,829,829,834,831,831,831,831,835,829,829
829,829,829,829,829,829,829,829,829,829,830,848,848,848,848,848,848,848,848,848,841,849,849,849,849,849,849,849,849,849,849,849,823,830,824,848,848,848,848,345,848,848,848,160,824,830,829,829,849,849,849,830,848,848,848,848,848,848,848,848,848,848,841,849,849,849,849,849,829,829,829,829,829,829,829,829,829,829,829
829,829,829,829,829,829,829,829,829,829,834,831,831,831,831,831,831,831,831,831,835,829,829,829,829,829,829,829,829,829,829,829,849,830,848,848,848,848,848,848,848,848,848,28,848,830,829,829,849,829,829,834,831,831,831,831,831,831,831,831,831,831,835,829,829,829,829,829,829,829,829,829,829,829,829,829,829,829,829
829,829,829,829,829,829,829,829,829,829,829,829,829,849,849,829,829,829,829,829,829,829,829,829,829,829,829,829,829,829,829,829,849,830,848,848,848,832,831,841,831,833,848,848,848,830,849,849,849,829,829,829,829,829,829,829,829,829,829,829,829,829,829,829,829,829,829,829,829,829,829,829,829,829,829,829,829,829,829
829,829,829,829,829,829,829,829,829,829,829,829,829,829,849,829,829,829,829,829,829,829,829,829,829,829,829,829,829,829,829,829,849,830,848,848,848,830,848,859,848,830,848,848,848,841,849,849,849,849,829,829,829,829,829,829,829,829,829,829,829,829,829,829,829,829,829,829,829,829,829,829,829,829,829,829,829,829,829
829,829,829,829,829,829,829,829,829,829,829,829,829,829,849,849,849,829,829,829,829,829,829,829,829,829,829,829,829,829,829,829,849,830,848,848,824,830,859,277,859,830,848,848,848,830,849,829,829,849,829,829,829,829,829,829,829,829,829,829,829,829,829,829,829,829,829,829,829,829,829,829,829,829,829,829,829,829,829
829,829,829,829,829,829,829,829,829,829,829,829,829,829,829,829,849,829,829,829,829,829,829,829,829,829,829,829,829,829,829,849,849,841,848,848,848,830,848,859,848,830,848,848,848,830,849,829,829,849,849,849,829,829,829,829,829,829,829,829,829,829,829,829,829,829,829,829,829,829,829,829,829,829,829,829,829,829,829
829,829,829,829,829,829,829,829,829,829,829,829,829,829,829,829,849,849,849,829,829,829,829,829,829,829,829,829,829,829,829,849,823,830,848,848,848,834,831,831,831,835,848,848,848,830,849,829,829,829,829,849,829,832,831,831,831,831,831,831,831,831,831,831,831,831,831,833,829,829,829,829,829,829,829,829,829,829,829
829,829,829,829,829,829,829,829,829,829,829,829,829,829,829,829,829,829,849,829,829,829,829,829,829,829,829,829,829,849,849,849,849,830,848,848,848,848,848,824,848,848,848,848,848,830,849,829,829,829,829,849,849,842,848,848,848,848,848,848,848,817,848,848,848,848,848,830,829,829,829,829,829,829,829,829,829,829,829
829,829,829,829,829,829,829,829,829,829,829,829,829,832,831,831,831,831,845,831,831,831,831,831,831,831,833,829,829,849,829,829,849,830,824,848,848,848,848,848,848,848,848,848,824,830,849,829,829,829,849,849,849,830,848,848,848,848,848,852,848,848,848,848,848,848,848,830,829,829,829,829,829,829,829,829,829,829,829
829,829,829,829,829,829,829,829,829,829,829,829,829,830,848,848,848,848,848,848,848,848,883,848,848,848,841,849,849,849,829,829,849,834,831,831,831,831,831,831,831,831,831,831,831,835,849,849,849,849,849,849,849,841,848,848,848,848,848,848,848,848,848,848,848,875,848,830,829,829,829,829,829,829,829,829,829,829,829
829,829,829,829,829,829,829,829,829,829,829,829,829,830,848,848,848,848,848,848,848,848,848,848,848,848,830,849,849,849,849,849,849,849,849,849,849,849,849,849,849,849,849,849,849,849,849,849,849,849,849,829,829,834,831,831,831,831,831,831,831,831,831,831,831,831,831,835,829,829,829,829,829,829,829,829,829,829,829
829,829,829,829,829,829,829,829,829,829,829,829,829,830,848,848,848,848,848,848,848,848,848,848,848,848,841,849,849,849,849,849,849,849,849,849,849,849,849,849,829,829,829,829,829,829,829,829,829,829,829,829,829,829,829,829,829,829,829,829,829,829,829,829,829,829,829,829,829,829,829,829,829,829,829,829,829,829,829
829,829,829,829,829,829,829,829,829,829,829,829,829,834,831,831,831,831,831,831,831,831,831,831,831,831,835,829,829,829,829,829,829,829,829,829,829,829,829,829,829,829,829,829,829,829,829,829,829,829,829,829,829,829,829,829,829,829,829,829,829,829,829,829,829,829,829,829,829,829,829,829,829,829,829,829,829,829,829
829,829,829,829,829,829,829,829,829,829,829,829,829,829,829,829,829,829,829,829,829,829,829,829,829,829,829,829,829,829,829,829,829,829,829,829,829,829,829,829,829,829,829,829,829,829,829,829,829,829,829,829,829,829,829,829,829,829,829,829,829,829,829,829,829,829,829,829,829,829,829,829,829,829,829,829,829,829,829
