829,829,829,829,829,829,829,829,829,829,829,829,829,829,829,829,829,829,829,829,829,829,829,829,829,829,829,829,829,829,829,829,829,829,829,829,829,829,829,829,829,829,829,829,829,829,829,829,829,829,829,829,829,829,829,829,829,829,829,829,829,829,829,829,829,829,829,829,829,829,829,829,829,829,829,829,829,829,829
829,829,860,860,860,860,860,860,860,860,860,860,860,860,860,860,860,860,860,860,860,860,860,860,860,860,860,860,860,860,860,860,860,860,860,860,860,860,860,860,860,860,860,860,860,860,860,860,860,860,860,860,860,860,860,860,860,860,860,860,860,860,860,860,860,860,860,860,860,860,860,860,860,860,860,860,860,829,829
829,829,860,860,860,860,860,860,860,860,860,860,860,860,860,860,860,860,860,860,860,860,860,860,860,860,860,860,860,860,860,860,860,860,860,860,860,860,860,860,860,860,860,860,860,860,860,860,860,860,860,860,860,860,860,860,860,860,860,860,860,860,860,860,860,860,860,860,860,860,860,860,860,860,860,860,860,829,829
829,829,860,860,320,860,860,860,860,860,848,848,860,860,860,860,860,848,848,848,848,848,848,860,860,860,860,860,860,860,860,323,860,860,860,860,860,860,860,860,860,860,860,860,860,860,860,860,860,860,860,860,860,860,860,860,860,860,860,860,860,860,848,848,848,848,860,860,860,848,848,848,860,860,860,860,860,829,829
829,829,860,848,848,848,860,860,848,848,848,848,848,860,860,860,860,860,824,848,848,848,860,860,860,860,860,860,860,860,860,860,860,860,860,860,860,860,860,860,860,860,860,860,860,860,860,860,860,860,860,860,860,860,860,860,860,860,860,860,860,848,848,848,848,848,848,848,848,848,848,848,848,848,635,848,860,829,829
829,829,860,848,848,848,848,860,860,860,860,860,860,860,860,860,860,848,848,848,848,860,860,860,848,848,860,860,860,860,860,860,860,860,860,860,860,848,824,848,848,848,848,848,860,860,860,860,860,860,860,860,860,860,860,860,860,860,860,860,848,848,860,860,848,875,848,848,848,860,860,860,848,848,848,860,860,829,829
829,829,860,848,848,848,848,860,860,860,860,860,860,860,860,848,545,848,848,848,860,860,860,860,848,848,860,860,860,860,860,860,848,848,848,848,848,848,848,848,848,848,848,848,848,848,848,848,848,860,860,860,860,860,860,860,860,860,860,860,848,860,860,860,860,848,848,848,848,848,860,860,848,848,848,860,860,829,829
829,829,860,848,848,848,848,860,860,860,860,860,860,323,860,860,860,860,860,848,860,860,860,860,848,860,860,860,860,860,860,848,832,831,831,831,831,831,831,831,831,831,831,831,831,831,831,831,833,848,860,860,860,224,860,860,860,860,860,860,860,860,860,860,860,860,860,848,848,848,848,848,848,848,848,848,860,829,829
829,829,860,848,208,848,848,860,860,860,860,860,860,860,860,860,860,860,860,860,860,860,860,860,860,848,860,860,860,848,848,848,830,829,829,829,829,829,829,829,215,829,829,829,829,829,829,829,830,848,848,848,860,860,860,860,860,860,860,860,860,860,860,860,860,860,860,860,860,860,860,848,848,848,848,860,860,829,829
829,829,320,848,848,848,848,848,860,848,860,860,848,848,848,848,860,860,860,860,860,860,860,860,860,848,860,860,848,848,848,848,834,831,831,831,838,831,831,831,845,831,831,831,838,831,831,831,835,848,848,848,848,860,860,860,860,860,860,848,848,860,860,860,860,860,860,860,860,860,860,860,848,871,848,860,860,829,829
829,829,860,848,848,848,848,848,848,860,860,860,860,848,848,860,860,860,860,860,860,860,860,860,860,860,860,860,848,848,848,848,848,848,848,848,830,829,829,829,829,829,829,891,830,848,848,848,507,848,848,848,848,860,860,860,860,860,848,23,848,848,860,860,860,860,860,860,860,860,860,860,860,860,860,860,860,829,829
829,829,860,848,848,848,848,848,860,860,860,860,860,860,860,860,860,860,860,860,860,860,860,860,860,860,860,860,848,345,848,848,848,824,637,848,830,829,286,829,829,883,829,829,830,848,156,848,848,220,848,848,273,860,860,860,860,860,848,23,656,860,860,860,860,860,224,860,860,860,848,860,860,860,860,860,860,829,829
829,829,860,848,848,848,660,848,860,860,860,860,860,860,860,860,860,860,860,860,860,860,860,860,860,860,860,860,848,848,848,848,832,831,831,831,837,831,831,831,845,831,831,831,837,831,831,831,833,848,848,848,848,860,860,860,860,860,860,848,860,848,860,860,860,860,860,860,860,860,860,860,860,860,860,860,860,829,829
829,829,860,848,848,848,848,848,848,860,860,860,860,860,860,860,860,860,860,860,860,860,860,860,860,860,860,860,860,848,848,848,830,829,829,829,829,829,829,829,217,829,829,829,172,829,829,829,830,97,848,824,860,860,860,860,860,860,860,860,860,860,860,860,860,860,860,860,860,848,860,860,860,860,860,860,860,829,829
829,829,860,848,848,848,848,848,613,2,860,860,860,860,860,860,860,848,848,120,860,860,860,860,860,323,860,860,860,860,860,848,834,831,831,831,831,831,831,831,831,831,831,831,831,831,831,831,835,848,860,860,860,860,860,860,860,860,860,860,860,860,860,860,860,860,860,848,848,848,848,860,860,860,860,860,860,829,829
829,829,860,848,848,848,848,851,2,848,55,860,860,848,860,860,848,848,848,848,860,860,860,860,860,860,860,860,860,860,860,860,848,848,848,782,848,848,848,848,848,848,848,848,848,848,848,848,848,860,860,860,860,860,848,848,860,860,860,860,860,860,860,860,860,848,848,848,824,848,848,848,860,860,860,860,860,829,829
829,829,860,848,848,848,848,848,848,848,860,860,860,860,860,860,860,848,848,848,848,848,848,860,860,860,860,860,860,860,860,860,860,860,860,860,860,848,848,848,427,848,848,848,860,860,860,860,860,860,860,860,860,848,848,848,848,848,860,860,860,860,860,860,848,848,848,860,860,848,848,860,860,860,860,860,860,829,829
829,829,860,848,848,824,848,848,860,860,860,860,860,860,860,860,860,860,860,848,848,848,848,848,860,860,860,860,860,860,860,860,860,860,860,860,860,860,860,860,860,860,860,860,860,860,848,860,860,860,860,860,860,860,848,848,860,860,860,860,860,860,860,860,860,860,848,848,848,848,860,860,860,860,860,860,860,829,829
829,829,860,860,848,848,860,860,860,860,860,860,860,860,860,860,860,860,860,265,848,848,848,860,860,860,860,860,860,860,860,860,860,860,860,860,860,860,860,860,860,860,860,860,860,848,848,848,860,860,848,848,860,860,860,860,860,860,860,848,860,860,848,860,860,860,860,848,848,860,860,860,860,860,860,860,860,829,829
829,829,860,860,860,860,320,860,860,860,860,860,860,860,860,860,860,860,860,860,860,860,860,860,860,860,860,860,860,860,860,860,860,860,860,860,860,860,860,860,860,860,860,860,860,860,860,860,860,860,860,860,860,860,860,860,860,860,860,860,860,860,860,860,860,860,860,860,860,860,860,860,860,860,860,860,860,829,829
829,829,860,860,860,860,860,860,860,860,860,860,860,860,860,860,860,860,860,860,860,860,860,860,860,860,860,860,860,860,860,860,860,860,860,860,860,860,860,860,860,860,860,860,860,860,860,860,860,860,860,860,860,860,860,860,860,860,860,860,860,860,860,860,860,860,860,860,860,860,860,860,860,860,860,860,860,829,829
