829,829,829,829,829,829,829,829,829,829,829,829,829,829,829,829,829,829,829,829,829,829,829,829,829,829,829,829,829,829,829,829,829,829,829,829,829,829,829,829,829,829,829,829,829,829,829,829,829,829,829,829,829,829,829,829,829,829,829,829,829,829,829,829,829,829,829,829,829,829,829,829,829,829,829,829,829,829,829
829,829,829,829,829,829,829,829,829,829,829,829,829,829,829,829,829,829,829,829,829,829,829,829,829,829,829,829,829,829,829,829,829,829,829,829,829,829,829,829,829,829,829,829,829,829,829,829,829,829,829,829,829,829,829,829,829,829,829,829,829,829,829,829,829,829,829,829,829,829,829,829,829,829,829,829,829,829,829
829,1026,1025,1025,1025,1025,1025,1025,1025,1025,1025,1032,1025,1032,1025,1025,1025,1025,1025,1025,1025,1032,1025,1025,1025,1025,1025,1025,1025,1032,1025,1025,1025,1025,1025,1025,1025,1025,1025,1025,1025,1025,1025,1025,1025,1025,1025,1025,1025,1032,1025,1025,1025,1025,1025,1025,1025,1025,1025,1032,1025,1025,1025,1025,1025,1032,1025,1032,1025,1025,1025,1025,1025,1025,1025,1025,1025,1027,829
829,1024,829,829,829,829,829,829,829,829,829,1024,829,1024,829,829,829,185,829,829,823,1024,829,829,829,829,829,829,829,1024,829,829,829,829,829,829,829,829,829,829,823,829,829,829,829,829,829,829,829,1024,829,829,829,829,829,829,829,829,829,1024,829,829,829,829,829,1024,823,1024,829,829,829,829,829,829,829,829,810,1024,829
829,1024,829,1024,829,1026,1025,1025,1025,1025,829,1024,829,1024,829,1025,1025,1027,829,1024,829,1024,829,1024,829,1025,1025,1027,829,1024,829,1026,1025,1025,829,1026,1025,1025,1025,1027,829,1026,1025,1025,1025,1025,1025,1025,1025,1033,829,1025,1025,1025,1025,1027,829,1026,1025,1029,829,1024,829,1025,1025,1033,829,1028,1025,1027,829,1025,1025,1032,1025,1025,829,1024,829
829,1024,786,1024,829,1024,829,829,829,829,829,1024,829,1024,829,829,829,1024,829,1024,829,1024,829,1024,829,829,829,1024,829,829,829,1024,829,829,829,1024,795,829,829,1024,829,1024,829,829,829,829,829,829,829,1024,829,829,829,829,829,1024,829,1024,829,829,815,1024,507,829,829,1024,829,829,829,1024,829,119,829,1024,539,829,829,1024,829
829,1024,829,1024,829,1024,829,1025,1025,1032,1025,1029,829,1028,1025,1027,829,1024,829,1028,1025,1029,829,1034,1025,1027,829,1034,1025,1025,1025,1033,829,1026,1025,1029,829,1024,829,1028,1025,1033,829,1026,1025,1025,1025,1027,829,1028,1025,1025,1025,1025,829,1024,829,1024,829,1026,1025,1031,1025,1025,829,1028,1025,1027,829,1024,110,1024,829,1024,829,1025,1025,1033,829
829,1024,829,1024,345,1024,829,829,829,1024,816,829,829,829,829,1024,829,1024,829,829,829,829,829,1024,829,1024,829,1024,829,829,829,1024,829,1024,829,829,829,1024,829,829,829,1024,829,1024,829,829,829,1024,829,829,829,829,829,829,829,1024,829,829,786,1024,823,829,829,829,829,829,829,1024,829,1024,829,1024,829,1024,829,829,829,1024,829
829,1024,829,1024,423,1034,1025,1027,829,1024,829,1026,1025,1025,1025,1033,829,1034,1025,1032,1025,1025,1025,1029,829,1024,829,1028,1025,1027,829,1024,829,1024,829,1025,1025,1031,1025,1027,829,1024,829,1024,829,1024,829,1028,1025,1025,1025,1025,1025,1032,1025,1031,1025,1025,1025,1033,829,1025,1025,1032,1025,1025,1025,1029,829,1024,829,1024,829,1034,1025,1025,829,1024,829
829,1024,829,1024,829,1024,829,1024,829,829,823,1024,829,829,829,1024,829,1024,829,1024,829,829,829,829,829,1024,829,829,829,1024,829,829,829,1024,829,829,829,829,829,1024,829,1024,812,1024,829,1024,829,829,829,829,829,829,829,1024,829,829,829,829,829,1024,829,829,829,1024,829,829,823,829,829,1024,829,1024,829,1024,829,829,564,1024,829
829,1034,1025,1029,829,1024,829,1024,829,1026,1025,1029,829,1024,829,1024,829,1024,829,1024,829,1025,1025,1027,829,1028,1025,1027,829,1028,1025,1025,1025,1029,829,1026,1025,1025,1025,1029,829,1024,829,1024,829,1028,1025,1032,1025,1025,1025,1027,829,1028,1025,1025,1025,1025,829,1028,1025,1027,829,1024,829,1026,1025,1025,1025,1031,1025,1029,829,1024,829,1025,1025,1033,829
829,1024,829,829,829,1024,829,829,829,1024,431,829,829,1024,829,829,829,1024,829,685,267,829,829,1024,829,829,829,1024,829,829,829,829,829,829,823,1024,829,829,829,829,829,1024,829,1024,829,829,829,1024,829,829,829,1024,829,829,829,829,829,829,829,829,829,1024,829,829,829,1024,829,829,786,829,829,829,829,1024,829,829,829,1024,829
829,1024,829,1025,1025,1031,1025,1025,1025,1033,829,1026,1025,1031,1025,1025,1025,1031,1025,1025,1025,1025,1025,1031,1025,1027,829,1028,1025,1025,1025,1025,1025,1025,1025,1033,829,1025,1025,1025,1025,1029,829,1034,1025,1025,829,1024,829,1024,829,1028,1025,1025,1025,1025,1025,1025,1025,1027,829,1028,1025,1032,1025,1033,829,1025,1025,1025,1025,1025,1025,1030,1025,1025,1025,1033,829
829,1024,829,829,829,829,851,829,829,1024,829,1024,829,829,829,829,829,829,829,829,829,829,829,829,786,1024,829,829,829,829,829,829,829,829,829,1024,829,829,829,829,829,829,829,1024,829,829,829,1024,829,1024,829,829,829,829,829,829,829,829,829,1024,829,829,829,1024,66,1024,829,829,829,829,829,829,829,1024,848,848,829,1024,829
829,1024,829,1025,1025,1025,1025,1027,829,1024,829,1028,1025,1027,829,1024,829,1025,1025,1032,1025,1032,1025,1025,829,1024,829,1024,829,1025,1025,1025,1025,1025,1025,1031,1025,1025,1025,1025,1025,1025,1025,1029,829,1026,1025,1033,829,1034,1025,1025,1025,1025,1025,1027,829,1025,1025,1030,1025,1025,829,1024,829,1024,829,1025,1025,1025,1025,1027,829,1024,345,1024,829,1024,829
829,1024,829,829,829,829,829,1024,829,1024,829,829,829,1024,829,1024,829,829,212,1024,829,1024,829,829,829,1024,829,1024,829,829,829,829,829,829,829,829,829,829,829,829,829,829,829,829,829,1024,829,1024,829,1024,829,829,829,829,829,1024,829,829,829,1024,829,829,829,1024,829,829,829,829,829,829,829,1024,829,178,848,1024,786,1024,829
829,1034,1025,1032,1025,1025,829,1024,829,1028,1025,1027,829,1024,829,1028,1025,1027,829,1024,829,1024,829,1025,1025,1031,1025,1030,1025,1025,1025,1025,1025,1025,1025,1025,829,1026,1025,1025,1025,1025,1025,1032,1025,1029,829,1024,829,1034,1025,1025,1025,1025,829,1028,1025,1027,829,1024,829,1026,1025,1031,1025,1032,1025,1025,1025,1027,829,1034,1025,1025,1025,1033,829,1024,829
829,1024,823,1024,829,829,829,1024,829,829,829,1024,829,1024,829,829,829,1024,786,1024,829,1024,829,829,829,829,829,1024,829,829,829,829,829,829,829,829,829,1024,829,829,829,829,829,1024,829,829,829,1024,829,1024,829,829,829,829,829,829,829,1024,786,829,829,1024,823,829,829,1024,829,829,829,1024,829,1024,829,829,829,1024,852,1024,829
829,1024,829,1024,829,1025,1025,1031,1025,1027,829,1024,829,1028,1025,1025,1025,1029,829,1024,829,1028,1025,1025,1025,1025,829,1024,829,1026,1025,1025,1025,1025,1025,1025,1025,1029,829,1025,1025,1027,829,1024,829,1024,829,1024,829,1024,829,1026,1025,1025,1025,1025,829,1028,1025,1025,1025,1029,829,1024,829,1024,829,1024,829,1028,1025,1029,829,1024,829,1024,829,1024,829
829,1024,829,829,829,829,829,829,829,1024,829,178,829,829,829,829,829,829,829,1024,829,829,829,829,829,829,829,829,786,1024,829,829,829,829,829,829,829,829,829,829,829,1024,660,829,829,1024,829,829,829,829,829,1024,464,829,829,829,829,829,79,829,829,829,829,1024,829,829,829,1024,829,829,829,829,829,1024,811,829,829,1024,829
829,1028,1025,1025,1025,1025,1025,1025,1025,1031,1025,1025,1025,1025,1025,1025,1025,1025,1025,1031,1025,1025,1025,1025,1025,1025,1025,1025,1025,1031,1025,1025,1025,1025,1025,1025,1025,1025,1025,1025,1025,1031,1025,1025,1025,1031,1025,1025,1025,1025,1025,1031,1025,1025,1025,1025,1025,1025,1025,1025,1025,1025,1025,1031,1025,1025,1025,1031,1025,1025,1025,1025,1025,1031,1025,1025,1025,1029,829
